01 87654567 34 87656678  8 543232345 8 54578  88678 8767 86567678 01 8 8 323  76543212 654321 876545
   765434568  87654345  878 5 10145 87843457 8765678 65 8754345  21 87 78 1 876543210 8 6 4  8765432
78 8543254568  88756578 567  8 125 87653236 8 654567 345 76545678  87686 8   8 87434  78 8 8  654321
6 876541234578   867678 4578 78 3 876543125878 43478 456 8875  8 54 4575678     654 876 87678  65432
56 8743016568  67  878 2348 4678 4 854320145678 65678 678  8 8  8 3234545678   876 8765876567 8 6545
4 8765212378 785656   43467 37   3   654623478  8878  88 45 87 878 1012345678 3 8 8765434345 878  56
56  5432348 7654348 8 64578 234 8 8 8 65434678 6  8     43 87656578  2345778 323 8765432125 8767 8 7
6 88  4345  874321  78 568 01  8787878 6545 8 5432 6 8765 87654846788 4767  32145  8 52101 87656568 
 87778 4578 87543 87678 7 21 868676 678 65 8 76543456  76  87434345678 878 6430124 8763212 865434578
8765678  8 8 766 8765788 54 8754565456 8  878 7654567 8 78 6432123458 3 8 8  457867 8747634 8752128 
 854 8 54 67   78 6545678 56 84321234 87 87678 78 67 87 8 8765443456 123 8788 68 78  8765456 8642456
454347  345 888  876568  767  321012  76876578   8   768   8765645778 3 8 6 7 7 2  56 8765678 653767
32125678 5  7678  8767 54 7 8763432 876546545678 7 8765678   7875788   8765468 21234    7878 876 878
210148  5 87654678 878 632 8765454 876543323478 567  5478 44 8 8678   876543578 23  877 8 8 4 8   8 
52323 8 4  88678  6 8 87645 8765678 8765101258 5456 8756 4321    8   876543238 8  8  56    136 8 8  
43654578 87  78 3456   8  6  876 8 6 87623234 543456 878 3210 877 6 8 87654545678 78 4 87 8 4567 78 
5476567  767 8 3234567   8 8  878 246 87453458 547678 8 5442 8 656587  876587678  6 8  75878 67 8678
7677878 86545  01234567 87878  8   5 8765765678 568  8 8 653 7654345678 8767878 785878 545678 8 878 
 788 8 87643788 235678 8 665 43   8   8768 878 8678 8767 76 8 5432345  1 8   8 6564767 43478   8 8  
 8  8 8 84323 78 5678 8765438 23 87887 87   8  878 8765 8  87  3212368 2  785 764234568 25678 678   
8 547678 54345678  8    87647 1 8 6 868 8 8  32   87654 7 87678 42348   876545 8312348 01357 45  788
764345678 54567  65   87 7656  878587578 8788 34 876543456 85678 345678 7654345 4235678 2368 3 87656
65323456 76567   745 876 87678 765432456 76678    8743234 8745678 577  2 8 125 843457  4347  2  6546
782123458 86 8  865 87855 8 8  8776435678 4567 8 8765454 8765 7      8 12 8 3 87645678 65 8 8 765435
8730123478 78  8   8765434 6 21 8  54678 2367 876 8765656 87 8 8  87878  878 8 875678   67 77  76 46
76325645678   87 8  87542 654301 8765678 345 87654 88 7678  8787   6567 8767678 767    878 5678  8 7
6543456778 24 76878   85 87 64124  8678 74578 87 32   878 3 867678 545 876545678 78 78  8 5456 8767 
878456 8     865 6 8 8767  87523568 78 765 8    8 10 8 8 12  545678 3 8765435 8  8 56788  432 876545
 8 5 8  68 8765485678 878  75434 7  8  876  8   78  878 8  8763458 323 8765878    64567678 310 84234
3 767 765 876763645678 8  8765468 32 43 878 78 867 876767 876545678 1   876 8 78 65345456 8 2 8 2123
10 78 5432 8543213458 3 23 8  878 468 20 8 86 875 87654567  865678   8    8  4678 421434567   7  234
  8  76 43 8674101458 2012  76 8  878 3   7756 645  54345678 7678  8 78 54 123457 21012347 878678 65
8 768  8 46 7832123678 12 87654    8 8 8 7654  434 8 565678  878 8 75667 210345678 212348  76456  86
786578878 7 8 472345678  8 85434 8  8757  76 8712 878 7678 35 8 8754375 8 2123478 43234567  65  8  7
675456767 8   8634 678  878 3123878 864678  8762 876   78 523  87653244568 2345678  34567 8 7 8 78 8
54332265 8  87654 8 8  87654101456 87534  01 6534 656  8 843 8  85421234578 45678  8 567 878  7867  
632101245678  776 78    876321235 8 43234 1 8774 854 8  865 87 87673012456   87  6578 7 876737655688
87432337678 78 8 86788 87654 234 876543678   8  8643878  7 8767 8732123468 8  8 654568   65421434667
765434468  7667 7656478  78 8  56 876545678 8  874323678 8 645 7654343457 87   8765678  876510123458
 7656567 72345 87546367 8  8768    87 56 8  754 6541456   8 678 87645678 6568 0 87688 54 87673234567
3  878 8 6125 876531254578 765788    8678  876 8743234678 78 8 3 878678 23456 1  878 6434 8754345778
213 8   654345 876101234678 547678    78    8   86464568 5678 321 8 78 0125678 86   543256  6545678 
3234   8 65456  8321334878 01345678 8    8      8657567 545678 101  8 212345678  878 32127 87 5 78 2
434  8 78  56 8654323458    2 567  678  878   8  87767 54345678 4245   354567    7678 3238   8 8  21
56 88786778 7 8765434567 578 8  8 6567 87678 878  887 6532345678 35 8 8 6567 8  875678 34567 7 78  0
6 8766457678   876845878 45667 6 45476 8756347678    7654345678 54  7878 87 87 87645678 567 8656778 
 876573465878 6 87766 8 323456 5432345  7432365678   877545678 86 8765678 8  65 85347 78 7 8754556  
   5432454567 43 8878  32123678 40123 87652125456  87 8765878 2  876545678  8543242365678   5423478 
 876210123478 523  8 532103478 432458  8761012347  765 876 8 2123 8543458  8743210123478   863135  3
  7632323458 543456 765321658 6573467 8 87212365678 745 8   2101 87432134   6563212545678  8745478 4
87654345456 765456 876543876  7 8756 8765433345678 54345 88 3212 765430158  766435367678  87656567 5
 87654 87678 7676   87656 878 8  8 78 876545456 8 5432345678 343 8875487678 8  54 878 8 43 8787678 6
7 8 68  8 8 2 8878   87678 8 8 7  3  8 88756 878 7654545678 54545  765 8 8    875678 4 3323 8  78  7
67 87 8  2 210  8  8  878 3  765432 876  8 78    876565678  6565   878    8 65 8778 63210124 8 8 78 
563 8 7 210 2125  878  8 123 87654  76545  8  878   776 8 78 87 8 7 8    878 43 88 654321335678 767 
4324 568   8 234 8 6 8  101    86 876543467   76 678  78 768   87865 6 887678 21  87674 54568  345  
3212345678 78 45 765678 21 8 8 878 85432355 8875656 8 8 8756  86653445 776567 2012 878 87678 5423 8 
7425656 8 567 5 86545678  87678 8 876321234 7854345878    4 87 534123 86544568 1235 8 8 888 7651 878
64345678 435 8 8764345678  6567  876543234 865452345678   56 6532101 876432457 235   67     87  8767
7587678 2123 7  84323 78  654568  87 5456 875432123678   8  875442123 873213467 4 8 45 8  23  865456
767  8 2101 8678 54378   8765678 6 876567  8752101238 8 878   8653234  86501678  878  8778  10   5 7
878 8 4321 875678 65678 4 8768  346 87678 1 84321234 8767678   76534 87 541378  8767 87666 8 2 88 8 
 8 8765 3 87645878 6 8 321 87 4323 8 8 8 323 543244 8 6545678 1 76456 65432 8  876567  54587  876678
  6 87 8 6 543456 8   545 8 8  31 87  0 543 865434 876543678 101 7567 885434  8787456 8434568 765566
 852  87654232347678 7   878 58 0 768 1 655 8765656 8 65178   1 87678  7654568 65434 8764568 7843445
864348  87610123456 76878 543478 87545 8  67  78 678 876 8 788 2 878 3 8765678 743256  86678 6532134
 75 57 8 75212345678 56678 323678 84345678 8    878   878 7687 12 8 321  7878 54341234 8778 65431012
 8 8  8765432347688 4345678 045678 3234568  8767 8 5 8 8 454567 37 32101 8   8732101236 8  87655 423
3 8767  865434587  4323678 21278  4312567  8  562 23 76 4323457 45 832123   876543143456  8  7678 34
2 765656 86545678 65214567 32 8 865623458 876432101 8 5432123478  876323678  886542345878 64 878 545
3 874345 87676   87 323678 545   7878487 8 8 76323 878 321014567 8765444578 7  8 5678    8 34 8  856
 8 752345 87878 2  8 345678 568  8 8 568 76 8 543 87676 32124568  87656767 7658 767  345678  6  8767
 788412345 8 8 01 878 56 8  878     767 8 5878 54 765458 323867 10 8777878 6547 8 8 124 8   8545 878
86543012345   21 876 8 78 76 8 2878 87  7547678 5 8543778 54878 2 8  88 8  54356 5 101 8   875334 8 
7543212345678   8765678  7656 01767   876434567 6 84325678 5678  8766  5 78 324 543212 78  65421 8 5
86543234567   87 876 8   854321245678  832134568 87543478 7678 32  5423456 8 1 8 543  867 8 4310 764
 7654365678   765 878 8 8767433366 8  86210123678 865468  878 54  8753457 87  878 5 8765 878 32  843
 88756767  7 86542 8 678 87654 4567   65321234567 878 78        8 876456  7678767    65457678  8765 
5  878 78 567 7853  65656  76 8 678  876432347678  8     8   88 78 8756 87654365678 76432358 54  878
456 8  8 767  876 87543456 8 878 8 76 8754365678  8 78 767  8775678 86 87654323456 8773214678 3 8 8 
3478 10  8  88 8 8765323478   678 8 54 86547778 8765678 56 8765458   78 884321236 8765452568 32278 0
12456  8  8767     865545678 6545678 32 76 8      545  54 87654345   8  8764101236 87 8434578 1067 1
0134 87654765778  8 86676 8 8 4345678 1 87  321 8765 88 5 7654324678   876543233456  8756568 54158  
1 4 8 656324456  876 878 8  78 236 8   8 8 54324 8  7678 8654321348 767 876563478 78  867678 4323 78
 8 8765432123456 7653 8  788678 4 8    78 76 4345 87658 8  6544245 3458  876545678  0 878 8 6543456 
876 8765510123458 5423 8765756 8 878 8768 8 8545 87654567 87864376 4567   8 87678   12 8 2 876775778
 854  874325656678 10 87654346 7 7678 6578  7656  8763558  8 767 78 87  8     78  87334 212  788 8  
8765 8765434568 8  21 7654323 86545678 4678 8 6 8 6532348    878 8    87666   8  876456 10 8 8  8 12
 8 67 8 6545678  78  765452144 765678 325678 8 878 43138788 3 8    8   44558   43  75678  878  87101
8 878   86567  4567  874321013 878 8 543458 87876  53054567 45  8787  432347  4321 86 8  87678 76532
76 8   8 787 5434568  765323234 8 2 765456 87676578 21234678 7 8765678 0123678 432 878  8785678   45
456   87 8 8 4323457  8764365458 101 7657 8765434  43234578  8  6545678 2345678 4 8   2 765456 878 6
3445 8 65 6   2123468  8654565678 12 87 8  8 654 8 5 35668 55  87434567 345678   877  10 7 345 8567 
123 87654655 8 234567 1 7 68 878    8 8   8 878 878 8 67   432 8654567 76567    876678  8 8 5 874567
0545 8 63234678 46778 23 87       8 76 8  76 8 8767678 8  8  3 8765678 876  8 8 76548  87875 876578 
13567 7521248   578  765  8  012 87665677  54  7654568  887 8    8  8 2 8 8 7678 543  8765646 87678 
2 87 85432345678 8   8767  78 2 87655456678  876543467 8786 788   67  10 87865878 6 8765432345 878 4
3567 7676545678   8   87 87678 886844344567 8 8783235 8764566 78 45678  8754345678   8753212346 8 43
4568 878765678 38678 4  87654 876543212347 877 4541245 84343456 2368  876543234567    8641012678 101
678   8 8 678 12356 13 8765432 8743210146 8765432101568 3201248 34578   765412345678   43234348 3213
